2,82
2,81
2,80
2,79
2,78
2,77
2,76
2,75
2,74
2,73
2,72
2,71
2,70
2,69
2,68
2,67
2,66
2,65
2,64
2,35
2,34
2,33
2,32
2,30
2,29
2,28
2,27
2,26
2,24
2,23
2,22
2,21
2,20
2,19
2,18
2,17
2,16
2,15
2,14
2,13
2,12
2,11
2,10
2,9
2,8
2,7
2,6
2,5
2,4
2,3
2,2
2,1
2,0
1,6
1,5
1,4
1,3
1,2
1,1
1,0
0,439
0,434
0,433
0,432
0,431
0,430
0,429
0,428
0,427
0,424
0,423
0,422
0,412
0,411
0,410
0,396
0,393
0,385
0,378
0,377
0,376
0,375
0,368
0,364
0,363
0,361
0,350
0,349
0,347
0,333
0,332
0,328
0,327
0,326
0,322
0,318
0,300
0,299
0,298
0,297
0,296
0,295
0,294
0,293
0,292
0,291
0,290
0,289
0,288
0,287
0,286
0,285
0,284
0,283
0,282
0,281
0,280
0,279
0,278
0,277
0,276
0,275
0,274
0,273
0,272
0,271
0,270
0,269
0,268
0,267
0,266
0,265
0,264
0,263
0,262
0,261
0,260
0,259
0,258
0,257
0,256
0,255
0,254
0,253
0,252
0,251
0,250
0,249
0,248
0,247
0,246
0,245
0,244
0,243
0,242
0,241
0,240
0,239
0,238
0,237
0,236
0,235
0,234
0,233
0,232
0,231
0,230
0,229
0,228
0,227
0,226
0,225
0,224
0,223
0,222
0,221
0,220
0,219
0,218
0,217
0,216
0,215
0,214
0,213
0,212
0,211
0,210
0,209
0,208
0,207
0,206
0,205
0,204
0,203
0,202
0,201
0,200
0,199
0,198
0,197
0,196
0,195
0,194
0,193
0,192
0,63
0,62
0,61
0,60
0,59
0,58
0,57
0,56
0,55
0,54
0,53
0,52
0,51
0,50
0,49
0,48
0,47
0,9
0,2
0,1
0,0
2,83
2,84
2,86
2,87
6,3
6,4
6,6
6,8
6,9
7,4
7,5
7,7
9,3
10,3
11,3
11,4
12,2
12,3
12,5
12,7
12,8
12,10
12,11
12,13
12,15
12,16
13,4
14,3
14,5
14,6
15,2
15,4
15,5
17,4
18,3
19,3
20,3
21,3
21,5
21,6
21,8
23,3
24,3
26,4
27,3
27,5
28,3
28,5
28,7
28,8
29,3
29,4
31,4
34,3
34,4
35,4
37,2
37,4
38,3
40,4
41,4
41,5
41,7
42,3
43,3
44,3
44,4
46,3
46,4
47,4
47,5
48,3
50,3
50,4
51,4
52,3
53,3
53,5
54,3
56,3
57,3
58,4
58,5
59,3
60,3
61,3
62,4
62,5
63,4
64,4
65,3
67,3
67,4
68,4
70,3
70,4
72,3
73,3
74,4
75,3
76,3
77,3
78,3
81,3
82,3
83,3
84,4
85,3
86,3
86,4
87,4
88,3
89,3
90,3
90,4
91,4
92,0
92,3
92,6
92,7
93,3
93,4
94,4
95,3
96,3
97,3
97,4
98,4
100,3
112,4
115,3
115,4
118,4
119,3
120,3
122,3
124,3
125,3
126,0
126,2
126,3
126,5
126,7
126,8
126,10
128,3
130,3
132,2
132,3
132,5
132,6
132,8
132,9
133,4
135,4
137,3
138,2
138,3
140,3
141,3
141,4
142,3
142,4
145,4
145,5
146,4
147,3
147,4
147,6
148,2
148,4
148,6
151,3
152,3
152,4
154,3
155,3
155,5
155,7
155,8
155,10
155,11
156,4
157,4
159,3
160,3
163,3
164,0
164,3
164,4
164,6
164,7
164,9
164,10
165,3
166,4
167,3
169,3
170,3
171,3
173,3
173,4
176,4
178,3
179,3
179,4
181,4
183,4
185,3
187,3
187,4
189,4
192,4
193,3
194,4
194,5
194,7
194,8
194,10
195,4
196,3
197,3
199,3
200,0
200,3
200,5
202,3
202,4
203,2
203,3
203,5
205,4
207,3
209,3
210,3
212,3
214,3
214,4
216,3
216,4
219,3
221,3
221,4
221,6
222,3
224,3
226,3
228,3
230,4
231,0
231,3
231,4
231,6
234,3
236,3
236,5
237,3
238,3
238,4
239,3
240,4
241,3
244,3
245,3
247,3
248,3
248,4
250,3
250,4
251,4
254,3
256,3
258,4
260,3
262,3
262,4
265,0
265,2
265,3
267,0
267,1
267,3
269,0
269,1
269,3
269,4
271,1
271,2
272,0
272,2
272,3
273,0
273,1
273,3
274,1
274,2
274,4
274,5
274,7
274,8
274,10
274,12
274,13
274,15
274,16
276,0
276,2
276,3
277,1
277,2
277,4
279,0
279,2
279,4
280,0
280,2
280,3
281,1
281,3
283,0
283,2
283,3
286,1
286,3
286,4
287,1
287,2
287,4
287,5
288,1
288,3
288,4
289,1
289,2
289,4
290,1
290,2
290,4
290,5
290,7
290,8
291,0
291,2
291,3
293,0
293,1
293,3
294,0
294,1
294,3
295,0
295,2
295,3
295,5
295,7
295,8
296,1
296,2
297,0
297,2
297,3
299,1
299,2
299,4
301,0
301,2
301,4
303,0
303,2
303,3
304,0
304,2
304,3
309,0
309,1
309,3
309,5
309,6
310,0
310,1
310,3
310,4
310,6
311,1
311,2
312,0
312,1
312,3
312,5
312,6
312,8
312,9
313,1
313,2
313,4
313,6
314,0
314,2
314,3
314,5
315,0
315,1
315,3
315,4
316,1
316,2
316,4
316,6
316,7
316,9
316,10
316,12
316,14
316,15
316,17
317,0
317,2
317,4
317,5
317,7
319,0
319,2
319,3
319,5
319,7
322,0
322,2
322,3
322,5
325,1
325,2
325,4
325,5
328,1
328,2
328,4
331,0
331,1
331,3
331,4
332,0
332,2
332,3
335,0
335,1
335,3
335,4
338,0
338,2
338,3
338,5
341,0
341,2
341,4
341,5
344,1
344,2
344,4
344,5
347,1
347,3
347,4
350,0
350,1
350,3
350,5
355,0
355,2
355,3
355,5
355,7
355,8
355,10
355,11
356,1
356,2
356,4
356,6
357,0
357,2
357,3
357,5
357,7
358,0
358,2
358,3
358,5
358,6
361,1
361,3
361,4
361,6
361,7
363,1
363,3
363,4
363,6
366,0
366,2
366,3
366,5
366,7
366,8
366,10
367,0
367,2
367,4
367,5
370,1
370,2
370,4
370,6
370,7
371,1
371,2
371,4
373,0
373,2
373,4
373,5
374,0
374,1
374,3
374,5
375,0
375,2
375,3
375,5
375,6
376,1
376,3
376,4
377,0
377,1
377,3
377,5
381,0
381,2
381,3
381,5
381,6
381,8
382,1
382,2
382,4
382,5
383,1
383,3
383,4
388,1
388,2
388,4
388,5
388,7
388,9
388,10
388,12
388,13
392,1
392,3
392,4
392,6
392,7
392,9
394,0
394,1
394,3
394,4
394,6
394,7
395,0
395,2
395,3
398,0
398,1
398,3
398,5
398,6
398,8
401,0
401,2
401,3
401,5
401,7
401,8
403,0
403,1
403,3
403,5
403,6
403,8
404,0
404,2
404,3
405,0
405,2
405,3
405,5
407,0
407,2
407,4
407,5
407,7
408,0
408,2
408,4
409,0
409,2
409,3
410,1
410,2
410,4
410,6
410,7
410,9
410,10
410,12
413,0
413,1
413,3
413,5
413,7
415,0
415,2
415,4
415,5
416,0
416,1
416,3
416,5
416,6
416,8
417,0
417,2
417,3
418,0
418,2
418,3
423,0
423,1
423,3
423,5
423,6
423,8
423,9
423,11
423,13
423,14
423,16
424,0
424,2
424,3
424,5
427,0
427,1
427,3
427,4
427,6
430,1
430,2
430,4
430,5
430,7
430,8
430,10
431,1
431,2
431,4
432,0
432,2
432,4
432,5
433,1
433,2
433,4
433,5
435,1
435,3
435,4
435,6
436,0
436,2
436,4
436,5
436,7
436,8
439,1
439,2
439,4
439,6
439,7
445,1
445,2
445,4
445,6
445,7
445,9
445,10
445,12
447,0
447,1
447,3
447,4
447,6
451,0
451,2
451,4
451,5
451,7
451,8
452,1
452,3
452,4
452,6
452,10
453,0
453,1
453,3
453,5
457,0
457,2
457,3
457,5
457,7
465,0
465,2
465,3
465,5
465,6
465,8
465,10
465,11
466,1
466,2
466,4
466,6
468,0
468,2
468,3
468,5
470,0
470,1
470,3
470,4
470,6
471,0
471,2
471,4
471,5
472,1
472,2
473,0
473,2
473,3
473,5
473,6
473,8
473,9
474,1
474,3
474,4
476,0
476,1
476,3
476,5
476,6
478,1
478,2
478,4
480,0
480,2
480,4
481,0
481,2
481,3
481,5
482,1
482,2
482,4
483,0
483,2
483,3
485,0
485,2
485,3
488,0
488,1
488,3
488,5
488,6
490,0
490,1
490,3
490,5
490,6
491,0
491,1
491,3
491,4
491,6
493,1
493,2
493,4
493,5
495,0
495,2
495,3
495,5
495,6
496,1
496,2
496,4
497,0
497,1
497,3
498,0
498,2
498,4
499,0
499,2
499,3
500,1
500,2
500,4
500,6
502,0
502,2
502,3
503,0
503,2
503,3
507,0
507,1
507,3
507,5
508,0
508,2
508,3
509,0
509,1
509,3
510,0
510,1
510,3
510,4
511,1
511,3
511,4
511,6
513,0
513,2
513,3
513,5
513,7
513,8
513,10
513,11
514,1
514,3
514,4
517,1
517,2
517,4
517,5
518,1
518,3
519,0
519,2
519,3
521,0
521,2
521,3
523,0
523,1
523,3
523,4
524,1
524,3
524,4
524,6
524,7
528,0
528,2
528,3
528,5
528,6
528,8
528,10
528,11
529,0
529,1
530,0
530,1
531,0
531,2
533,0
533,2
533,3
533,5
534,0
534,1
534,3
534,4
535,1
535,2
535,4
535,6
535,7
536,1
536,2
536,4
536,6
536,7
536,9
536,10
537,1
537,2
537,4
537,6
538,0
538,2
538,3
539,0
539,2
539,3
539,4
539,1
538,4
538,1
537,5
537,3
537,0
536,8
536,5
536,3
536,0
535,5
535,3
535,0
534,2
533,6
533,4
533,1
531,1
530,2
529,2
528,12
528,9
528,7
528,4
528,1
524,8
524,5
524,2
524,0
523,2
521,4
521,1
519,4
519,1
518,2
518,0
517,3
517,0
514,2
514,0
513,9
513,6
513,4
513,1
511,5
511,2
511,0
510,2
509,4
509,2
508,4
508,1
507,4
507,2
503,4
503,1
502,4
502,1
500,5
500,3
500,0
499,1
498,3
498,1
497,2
496,5
496,3
496,0
495,4
495,1
493,6
493,3
493,0
491,5
491,2
490,7
490,4
490,2
488,7
488,4
488,2
485,4
485,1
483,4
483,1
482,3
482,0
481,4
481,1
480,3
480,1
478,3
478,0
476,4
476,2
474,5
474,2
474,0
473,7
473,4
473,1
472,3
472,0
471,3
471,1
470,5
470,2
468,6
468,4
468,1
466,5
466,3
466,0
465,9
465,7
465,4
465,1
457,6
457,4
457,1
453,4
453,2
452,11
452,5
452,2
452,0
451,6
451,3
451,1
447,5
447,2
445,13
445,11
445,8
445,5
445,3
445,0
439,5
439,3
439,0
436,6
436,3
436,1
435,5
435,2
435,0
433,3
433,0
432,3
432,1
431,3
431,0
430,9
430,6
430,3
430,0
427,5
427,2
424,6
424,4
424,1
423,15
423,12
423,10
423,7
423,4
423,2
418,4
418,1
417,4
417,1
416,7
416,4
416,2
415,6
415,3
415,1
413,6
413,2
410,13
410,11
410,8
410,5
410,3
410,0
409,1
408,3
408,1
407,6
407,3
407,1
405,4
405,1
404,4
404,1
403,7
403,4
403,2
401,9
401,6
401,4
401,1
398,7
398,4
398,2
395,4
395,1
394,8
394,5
394,2
392,10
392,8
392,5
392,2
392,0
388,11
388,8
388,6
388,3
388,0
383,2
383,0
382,3
382,0
381,7
381,4
381,1
377,4
377,2
376,5
376,2
376,0
375,4
375,1
374,4
374,2
373,6
373,3
373,1
371,3
371,0
370,5
370,3
370,0
367,3
367,1
366,9
366,6
366,4
366,1
363,5
363,2
363,0
361,5
361,2
361,0
358,4
358,1
357,6
357,4
357,1
356,5
356,3
356,0
355,9
355,6
355,4
355,1
350,4
350,2
347,5
347,2
347,0
344,3
344,0
341,3
341,1
338,4
338,1
335,5
335,2
332,4
332,1
331,5
331,2
328,5
328,3
328,0
325,3
325,0
322,4
322,1
319,6
319,4
319,1
317,6
317,3
317,1
316,16
316,13
316,11
316,8
316,5
316,3
316,0
315,2
314,6
314,4
314,1
313,5
313,3
313,0
312,7
312,4
312,2
311,3
311,0
310,5
310,2
309,7
309,4
309,2
304,4
304,1
303,4
303,1
301,3
301,1
299,3
299,0
297,1
296,3
296,0
295,6
295,4
295,1
294,2
293,4
293,2
291,4
291,1
290,9
290,6
290,3
290,0
289,3
289,0
288,2
288,0
287,3
287,0
286,2
286,0
283,1
281,2
281,0
280,1
279,3
279,1
277,3
277,0
276,1
274,17
274,14
274,11
274,9
274,6
274,3
274,0
273,2
272,4
272,1
271,3
271,0
269,2
267,4
267,2
265,4
265,1
263,3
260,4
258,3
254,4
251,3
248,5
247,4
245,4
241,4
240,3
238,5
237,4
236,4
233,3
231,5
231,2
230,3
227,3
223,3
221,5
220,3
217,3
215,3
213,3
211,3
208,3
205,3
203,4
203,0
201,3
200,2
199,4
196,4
195,3
194,9
194,6
194,3
192,3
189,3
185,4
183,3
181,3
178,4
176,3
171,4
170,4
168,3
166,3
164,12
164,8
164,5
164,2
163,4
159,4
157,3
156,3
155,9
155,6
155,4
153,3
151,4
148,5
148,3
147,5
146,5
146,3
145,3
141,5
140,4
138,4
137,4
135,3
133,3
132,7
132,4
130,4
128,4
126,9
126,6
126,4
126,1
124,4
122,4
119,4
118,3
113,3
112,3
98,3
96,4
95,4
94,3
92,8
92,5
92,2
91,3
89,4
88,4
87,3
85,4
84,3
82,4
79,3
76,4
75,4
74,3
71,3
69,3
68,3
65,4
64,3
63,3
62,3
59,4
58,6
58,3
55,3
53,4
52,4
51,3
48,4
47,6
47,3
45,3
43,4
42,4
41,6
41,3
40,3
37,3
35,3
33,3
31,3
28,9
28,6
28,4
27,4
26,3
23,4
21,7
21,4
19,4
18,4
17,3
15,3
14,7
14,4
13,3
12,14
12,12
12,9
12,6
12,4
12,0
10,4
8,3
7,6
7,3
6,7
6,5
4,3
2,85
0,331
0,330
0,310
0,316
0,315
0,308
0,383
0,357
0,329
0,382
529,45
531,44
530,44
529,44
531,43
530,43
529,43
531,42
530,42
529,42
531,41
530,41
529,41
531,40
530,40
529,40
531,39
530,39
529,39
531,38
530,38
529,38
531,37
530,37
529,37
531,36
530,36
529,36
531,35
530,35
529,35
531,34
530,34
529,34
531,33
530,33
529,33
531,32
530,32
529,32
531,31
530,31
529,31
531,30
530,30
529,30
531,29
530,29
529,29
531,28
530,28
529,28
531,27
530,27
529,27
531,26
530,26
529,26
531,25
530,25
529,25
531,24
530,24
529,24
531,23
530,23
529,23
531,22
530,22
529,22
531,21
530,21
529,21
531,20
530,20
529,20
531,19
530,19
529,19
531,18
530,18
529,18
531,17
530,17
529,17
531,16
530,16
529,16
531,15
530,15
529,15
531,14
530,14
529,14
531,13
530,13
529,13
531,12
530,12
529,12
531,11
530,11
529,11
531,10
530,10
529,10
531,9
530,9
529,9
531,8
530,8
529,8
531,7
530,7
529,7
531,6
530,6
529,6
531,5
530,5
529,5
531,4
530,4
529,4
531,3
530,3
529,3
0,6
0,5
0,304
0,303
0,306
0,305
0,302
0,325
0,12
0,317
0,10
0,381
0,8
0,307
0,11
0,7
0,4
0,3
