473,20
473,19
531,47
58,9
41,10
41,9
992,3
992,2
992,1
992,0
530,202
991,3
991,2
991,1
991,0
529,56
990,3
990,2
990,1
990,0
989,3
989,2
989,1
989,0
988,3
988,2
988,1
988,0
987,3
987,2
987,1
987,0
986,3
986,2
986,1
986,0
985,3
985,2
985,1
985,0
984,3
984,2
984,1
984,0
983,3
983,2
983,1
983,0
982,3
982,2
982,1
982,0
981,3
981,2
981,1
981,0
980,3
980,2
980,1
980,0
979,3
979,2
979,1
979,0
978,3
978,2
978,1
978,0
977,3
977,2
977,1
977,0
976,3
976,2
976,1
976,0
975,3
975,2
975,1
975,0
974,3
974,2
974,1
974,0
973,3
973,2
973,1
973,0
972,3
972,2
972,1
972,0
971,3
971,2
971,1
971,0
970,3
970,2
970,1
970,0
969,3
969,2
969,1
969,0
968,3
968,2
968,1
968,0
967,3
967,2
967,1
967,0
966,3
966,2
966,1
966,0
965,3
965,2
965,1
965,0
964,3
964,2
964,1
964,0
963,3
963,2
963,1
963,0
962,3
962,2
962,1
962,0
961,3
961,2
961,1
961,0
960,3
960,2
960,1
960,0
959,3
959,2
959,1
959,0
958,3
958,2
958,1
958,0
957,3
957,2
957,1
957,0
956,3
956,2
956,1
956,0
955,3
955,2
955,1
955,0
954,3
954,2
954,1
954,0
953,3
953,2
953,1
953,0
952,3
952,2
952,1
952,0
951,3
951,2
951,1
951,0
950,3
950,2
950,1
950,0
949,3
949,2
949,1
949,0
948,3
948,2
948,1
948,0
947,3
947,2
947,1
947,0
946,3
946,2
946,1
946,0
945,3
945,2
945,1
945,0
944,3
944,2
944,1
944,0
943,3
943,2
943,1
943,0
942,3
942,2
942,1
942,0
941,3
941,2
941,1
941,0
940,3
940,2
940,1
940,0
939,3
939,2
939,1
939,0
938,3
938,2
938,1
938,0
937,3
937,2
937,1
937,0
936,3
936,2
936,1
936,0
935,3
935,2
935,1
935,0
934,3
934,2
934,1
934,0
933,3
933,2
933,1
933,0
932,3
932,2
932,1
932,0
931,3
931,2
931,1
931,0
930,3
930,2
930,1
930,0
929,3
929,2
929,1
929,0
928,3
928,2
928,1
928,0
927,3
927,2
927,1
927,0
926,3
926,2
926,1
926,0
925,3
925,2
925,1
925,0
924,3
924,2
924,1
924,0
923,3
923,2
923,1
923,0
922,3
922,2
922,1
922,0
921,3
921,2
921,1
921,0
920,3
920,2
920,1
920,0
919,3
919,2
919,1
919,0
918,3
918,2
918,1
918,0
917,3
917,2
917,1
917,0
916,3
916,2
916,1
916,0
915,3
915,2
915,1
915,0
914,3
914,2
914,1
914,0
913,3
913,2
913,1
913,0
912,3
912,2
912,1
912,0
911,3
911,2
911,1
911,0
910,3
910,2
910,1
910,0
909,3
909,2
909,1
909,0
908,3
908,2
908,1
908,0
907,3
907,2
907,1
907,0
906,3
906,2
906,1
906,0
905,3
905,2
905,1
905,0
904,3
904,2
904,1
904,0
903,3
903,2
903,1
903,0
164,12
902,3
902,2
902,1
902,0
901,3
901,2
901,1
901,0
900,3
900,2
900,1
900,0
899,3
899,2
899,1
899,0
898,3
898,2
898,1
898,0
897,3
897,2
897,1
897,0
896,3
896,2
896,1
896,0
895,3
895,2
895,1
895,0
894,3
894,2
894,1
894,0
893,3
893,2
893,1
893,0
892,3
892,2
892,1
892,0
891,3
891,2
891,1
891,0
890,3
890,2
890,1
890,0
889,3
889,2
889,1
889,0
888,3
888,2
888,1
888,0
887,3
887,2
887,1
887,0
886,3
886,2
886,1
886,0
885,3
885,2
885,1
885,0
884,3
884,2
884,1
884,0
883,3
883,2
883,1
883,0
882,3
882,2
882,1
882,0
881,3
881,2
881,1
881,0
531,46
880,3
880,2
880,1
880,0
879,3
879,2
879,1
879,0
878,3
878,2
878,1
878,0
877,3
877,2
877,1
877,0
876,3
876,2
876,1
876,0
875,3
875,2
875,1
875,0
874,3
874,2
874,1
874,0
873,3
873,2
873,1
873,0
872,3
872,2
872,1
872,0
871,3
871,2
871,1
871,0
870,3
870,2
870,1
870,0
869,3
869,2
869,1
869,0
868,3
868,2
868,1
868,0
867,3
867,2
867,1
867,0
866,3
866,2
866,1
866,0
865,3
865,2
865,1
865,0
864,3
864,2
864,1
864,0
863,3
863,2
863,1
863,0
862,3
862,2
862,1
862,0
861,3
861,2
861,1
861,0
860,3
860,2
860,1
860,0
530,46
859,3
859,2
859,1
859,0
858,3
858,2
858,1
858,0
857,3
857,2
857,1
857,0
856,3
856,2
856,1
856,0
855,3
855,2
855,1
855,0
854,3
854,2
854,1
854,0
853,3
853,2
853,1
853,0
852,3
852,2
852,1
852,0
851,3
851,2
851,1
851,0
850,3
850,2
850,1
850,0
849,3
849,2
849,1
849,0
848,3
848,2
848,1
848,0
847,3
847,2
847,1
847,0
846,3
846,2
846,1
846,0
845,3
845,2
845,1
845,0
844,3
844,2
844,1
844,0
843,3
843,2
843,1
843,0
842,3
842,2
842,1
842,0
841,3
841,2
841,1
841,0
529,47
840,3
840,2
840,1
840,0
839,3
839,2
839,1
839,0
838,3
838,2
838,1
838,0
0,274
0,273
0,272
0,271
0,270
0,269
0,268
0,267
0,266
0,265
0,264
0,263
0,262
0,261
0,260
0,259
0,258
0,257
0,256
0,255
0,254
0,253
0,252
0,251
0,250
0,249
0,248
0,247
0,246
0,245
0,244
0,243
0,242
0,241
0,240
0,239
0,238
0,237
0,236
1,3
0,235
0,234
0,233
0,232
0,231
0,230
0,229
0,228
0,227
0,226
0,225
0,224
0,223
0,222
0,221
0,220
0,219
0,218
0,217
0,216
0,215
0,214
0,213
0,212
0,211
0,210
0,209
0,208
0,207
0,206
0,205
0,204
0,203
0,202
0,201
0,200
0,199
0,198
0,197
0,196
0,195
0,194
0,193
0,192
0,63
0,62
0,61
0,60
0,59
0,58
0,57
0,56
0,55
0,54
0,53
0,52
0,51
0,50
0,49
4,3
0,48
0,47
0,9
0,2
0,1
0,0
0,331
0,330
0,310
0,316
0,315
0,308
0,383
0,357
0,329
0,382
529,45
531,44
530,44
529,44
531,43
530,43
529,43
531,42
530,207
530,42
529,42
531,70
531,41
530,206
530,41
529,79
529,41
531,40
530,205
530,40
529,78
529,40
531,77
531,39
530,204
530,39
529,77
529,39
531,76
531,38
530,203
530,38
529,76
529,38
531,75
531,37
530,37
529,75
529,37
531,36
530,201
530,36
529,74
529,36
531,73
531,35
0,275
0,276
0,278
0,279
0,281
0,282
0,284
0,286
0,287
0,289
0,290
0,292
0,294
0,295
0,297
0,298
0,300
0,318
0,326
0,328
0,332
0,347
0,349
0,361
0,363
0,364
0,375
0,376
0,378
0,385
0,396
0,411
0,412
0,423
0,424
0,428
0,430
0,431
0,433
0,434
0,439
1,0
1,2
1,6
1,7
2,1
2,2
2,5
2,7
2,8
2,10
2,11
2,13
2,15
2,16
2,18
2,19
2,21
2,22
2,24
2,27
2,28
2,30
2,32
2,34
2,64
2,65
2,67
2,68
2,70
2,71
2,73
2,75
2,76
2,78
2,79
2,81
2,83
2,84
2,86
2,87
2,89
6,3
6,6
7,4
8,3
10,3
10,4
11,4
12,2
12,3
12,5
12,6
12,8
12,10
12,11
12,13
12,14
12,16
12,17
12,19
12,21
12,22
12,24
12,25
13,3
14,3
14,5
15,2
15,3
15,5
15,6
15,8
17,4
18,3
19,3
19,4
21,2
21,4
21,5
21,7
21,8
23,4
24,3
26,4
27,3
27,4
28,3
28,6
29,4
31,4
33,3
34,4
35,3
37,2
37,3
38,3
40,4
41,0
41,3
41,4
42,3
42,4
43,4
44,3
45,3
46,4
47,3
48,3
48,4
50,4
51,3
52,2
52,4
53,2
53,4
53,5
55,3
57,3
58,0
58,3
58,4
58,8
59,3
60,3
62,3
62,4
63,3
63,4
64,4
65,4
67,3
68,3
68,4
70,3
70,4
72,3
74,3
74,4
75,4
76,3
77,3
79,3
81,3
82,4
83,3
84,4
85,4
86,3
87,3
87,4
88,4
89,3
90,3
91,3
91,4
92,2
92,3
92,6
92,8
93,2
93,4
94,3
95,3
95,4
96,4
97,4
98,3
100,3
112,3
113,3
115,4
118,3
119,3
119,4
122,3
122,4
124,4
126,0
126,2
126,4
126,6
126,8
126,11
126,13
126,15
128,3
130,3
130,4
132,4
132,6
132,7
132,9
133,3
135,3
137,3
137,4
138,3
138,4
140,4
141,3
141,4
528,9
528,8
528,11
524,6
495,6
493,5
491,5
490,5
488,6
312,6
471,5
468,5
451,7
451,6
445,7
445,8
445,9
445,6
439,7
439,6
427,5
410,7
407,6
401,6
398,6
381,7
381,6
373,6
370,7
370,6
363,6
98,2
97,2
96,2
95,2
91,2
90,2
89,2
88,2
86,2
85,2
84,2
81,2
78,2
76,2
75,2
74,2
63,2
62,2
59,2
51,2
46,2
43,2
42,2
11,2
10,2
316,2
316,11
316,10
47,5
142,3
142,4
145,3
145,4
146,3
147,3
147,4
148,3
148,4
148,6
151,4
152,3
153,3
154,3
155,9
155,10
156,4
157,4
159,3
160,3
163,3
164,0
164,3
164,4
164,7
164,8
166,3
166,4
168,3
170,3
170,4
171,4
173,3
176,3
178,3
178,4
179,4
181,3
183,3
185,3
185,4
187,4
189,3
192,3
192,4
194,2
194,4
194,5
194,7
194,8
194,10
195,4
196,3
197,3
199,3
200,0
200,2
200,5
202,3
202,4
203,2
203,3
203,5
203,8
203,9
203,11
203,12
203,14
203,15
203,17
203,19
203,20
203,23
205,3
207,3
209,3
210,3
212,3
213,3
214,4
216,3
216,4
217,3
219,3
220,3
221,2
221,4
221,6
222,3
224,3
226,2
227,3
230,3
230,4
231,4
231,5
233,3
234,3
236,4
237,3
237,4
238,4
239,3
240,4
241,4
244,3
245,4
247,3
248,2
248,3
248,5
250,4
251,3
254,3
254,4
258,3
260,3
260,4
262,4
263,3
265,4
267,3
269,3
271,2
271,3
272,4
273,3
274,3
274,5
274,6
274,8
274,9
274,11
274,13
274,14
274,16
274,17
277,3
277,4
279,4
281,3
283,3
286,4
287,2
287,4
288,3
288,4
289,4
290,3
291,3
293,3
295,2
295,4
295,5
295,7
295,8
297,3
299,4
301,3
303,3
303,4
309,3
309,4
309,7
310,4
310,5
311,3
312,3
313,3
314,2
314,3
314,5
314,6
315,4
316,4
316,5
316,7
316,8
316,12
316,13
316,15
316,17
317,0
317,3
317,4
319,3
319,5
322,4
322,5
325,4
325,5
328,4
331,4
331,5
332,4
335,3
338,3
341,3
341,4
344,4
344,5
347,4
347,5
350,4
355,2
355,3
355,5
355,6
355,8
355,10
355,11
356,3
356,4
356,6
357,3
357,6
358,3
358,4
358,6
361,0
361,3
361,5
361,6
361,8
361,9
363,5
366,5
366,9
367,4
370,3
371,3
371,4
373,4
374,3
374,5
375,3
375,4
375,6
376,4
376,5
377,3
377,4
381,3
381,5
382,4
383,3
383,4
388,3
388,4
388,6
388,8
388,9
388,11
388,12
392,2
392,3
392,5
392,7
392,8
392,10
394,2
394,4
394,6
394,7
395,3
395,4
398,5
401,3
401,5
403,0
403,2
403,4
403,5
403,7
403,9
403,10
404,4
405,3
407,3
408,3
408,4
410,3
410,5
410,8
413,3
415,2
415,4
415,5
416,2
416,3
416,5
416,7
416,8
417,4
418,3
423,2
423,3
423,5
423,7
423,8
423,10
423,11
423,13
423,15
423,16
424,4
427,3
430,2
430,3
430,5
430,7
430,8
430,10
431,3
432,3
433,3
433,5
435,3
435,4
435,6
436,4
436,5
436,8
439,3
445,3
445,5
447,4
451,3
451,5
452,4
452,6
453,0
453,3
453,4
457,3
457,5
465,3
465,4
465,6
465,8
465,9
465,11
466,3
466,6
468,4
470,3
471,3
472,2
473,0
473,2
473,4
473,13
473,14
473,16
474,3
476,3
476,4
478,3
480,3
480,4
481,4
482,3
483,3
483,4
485,4
488,7
490,3
491,3
491,4
493,4
495,4
496,3
497,3
498,3
499,3
500,3
502,3
503,3
503,4
507,4
508,3
509,2
509,4
510,3
511,3
511,4
511,6
513,2
513,4
513,6
513,7
513,9
513,10
514,3
517,4
517,5
519,3
519,4
521,4
523,4
524,3
528,3
528,12
529,1
529,2
530,0
530,2
531,0
531,2
533,3
534,3
535,3
535,4
536,4
536,5
536,8
536,10
537,5
538,0
538,2
538,4
539,3
616,0
616,2
616,3
616,5
616,6
616,8
616,9
616,11
623,1
623,2
623,4
624,0
624,2
624,4
624,5
624,7
625,0
625,2
625,3
627,0
627,2
627,3
628,1
628,2
629,0
629,2
629,3
629,5
629,6
629,7
629,4
629,1
628,3
628,0
627,1
625,4
625,1
624,6
624,3
624,1
623,3
623,0
616,10
616,7
616,4
616,1
539,4
538,3
537,6
537,3
536,6
536,3
534,4
533,5
531,1
530,1
529,88
529,0
524,7
523,3
521,3
518,3
517,3
513,11
513,8
513,5
513,3
511,5
510,4
509,3
508,4
507,3
502,4
500,4
498,4
496,4
495,3
493,3
490,4
488,3
485,3
482,4
481,3
478,4
476,5
474,4
473,15
473,5
473,3
472,3
470,5
468,3
466,5
465,10
465,7
465,5
457,6
453,5
453,2
452,9
452,3
447,5
447,3
439,5
436,7
436,3
435,5
435,2
432,5
431,4
430,9
430,6
430,4
427,6
424,3
423,14
423,12
423,9
423,6
423,4
418,4
417,3
416,6
416,4
415,6
415,3
413,5
410,6
409,3
407,5
405,5
404,3
403,8
403,6
403,3
401,9
398,8
398,3
394,8
394,5
394,3
392,9
392,6
392,4
388,13
388,10
388,7
388,5
388,2
382,5
382,3
377,5
377,2
376,3
375,5
375,2
373,5
373,3
370,5
367,3
366,3
363,3
361,7
361,4
361,2
358,5
358,2
357,4
356,5
356,2
355,9
355,7
355,4
350,5
350,3
347,3
344,3
338,4
335,4
332,3
331,3
328,3
325,3
322,3
317,5
317,2
316,16
316,14
316,9
316,6
316,3
315,3
314,4
313,4
312,4
310,6
310,3
309,6
304,3
301,4
299,3
296,3
295,6
295,3
294,3
290,5
289,3
287,5
287,3
286,3
280,3
279,3
276,3
274,15
274,12
274,10
274,7
274,4
274,2
272,3
269,4
267,4
265,3
262,3
258,4
256,3
251,4
250,3
248,4
247,4
245,3
241,3
240,3
238,3
236,5
236,3
231,6
231,3
228,3
226,3
223,3
221,5
221,3
220,2
217,2
215,3
214,3
211,3
208,3
205,4
203,22
203,18
203,16
203,13
203,10
203,7
203,4
203,0
201,3
200,3
199,4
196,4
195,3
194,9
194,6
194,3
193,3
189,4
187,3
183,4
181,4
179,3
176,4
173,4
171,3
169,3
167,3
165,3
164,5
164,2
163,4
159,4
157,3
156,3
155,3
152,4
151,3
148,5
148,2
146,5
145,5
145,2
141,5
141,2
140,3
138,2
135,4
133,4
132,8
132,5
132,3
128,4
126,14
126,10
126,7
126,3
125,3
124,3
120,3
118,4
115,3
112,4
98,4
97,3
96,3
94,4
93,3
92,7
92,5
92,0
90,4
89,4
88,3
86,4
85,3
84,3
82,3
78,3
76,4
75,3
73,3
71,3
69,3
67,4
65,3
64,3
62,5
61,3
59,4
58,2
56,3
54,3
53,3
52,3
51,4
50,3
47,4
46,3
44,4
43,3
41,8
41,5
41,2
40,3
37,4
35,4
34,3
31,3
29,3
27,5
27,2
26,3
23,3
21,6
21,3
20,3
18,4
17,3
15,7
15,4
15,0
13,4
12,26
12,23
12,20
12,18
12,15
12,12
12,9
12,7
12,4
12,0
11,3
9,3
7,3
6,4
2,88
2,85
2,82
2,80
2,77
2,74
2,72
2,69
2,66
2,35
2,33
2,29
2,26
2,23
2,20
2,17
2,14
2,12
2,9
2,6
2,4
2,0
1,5
1,1
0,435
0,432
0,429
0,427
0,422
0,410
0,393
0,377
0,368
2,3
0,350
0,333
0,327
0,322
0,299
0,296
0,293
0,291
0,288
0,285
0,283
0,280
0,277
530,200
530,35
529,35
531,34
530,199
530,34
529,72
529,34
531,71
531,33
530,198
530,33
529,62
529,33
531,79
531,32
530,197
530,32
529,70
529,32
531,69
531,31
530,31
529,69
529,31
531,30
530,195
530,30
529,68
529,30
531,67
531,29
530,194
530,29
529,67
529,29
531,28
530,193
530,28
529,66
529,28
531,65
531,27
530,192
530,27
529,27
531,64
531,26
530,54
530,26
529,71
529,26
531,63
531,25
530,25
529,64
529,25
531,62
531,24
530,61
530,24
529,63
529,24
531,61
531,23
