2,81
2,80
2,79
2,78
2,77
2,76
2,75
2,74
2,73
2,72
2,71
2,70
2,69
2,68
2,67
2,66
2,65
2,64
2,35
2,34
2,33
2,32
2,30
2,29
2,28
2,27
2,26
2,24
2,23
2,22
2,21
2,20
2,19
2,18
2,17
2,16
2,15
2,14
2,13
2,12
2,11
2,10
2,9
2,8
2,7
2,6
2,5
2,4
2,3
2,2
2,1
2,0
1,7
1,6
1,5
1,3
1,2
1,1
1,0
0,439
0,435
0,434
0,433
0,432
0,431
0,430
0,429
0,428
0,427
0,424
0,423
0,422
0,412
0,411
0,410
0,396
0,393
0,385
0,378
0,377
0,376
0,375
0,368
0,364
0,363
0,361
0,350
0,349
0,347
0,333
0,332
0,328
0,327
0,326
0,322
0,318
0,300
0,299
0,298
0,297
0,296
0,295
0,294
0,293
0,292
0,291
0,290
0,289
0,288
0,287
0,286
0,285
0,284
0,283
0,282
0,281
0,280
0,279
0,278
0,277
0,276
0,275
0,274
0,273
0,272
0,271
0,270
0,269
0,268
0,267
0,266
0,265
0,264
0,263
0,262
0,261
0,260
0,259
0,258
0,257
0,256
0,255
0,254
0,253
0,252
0,251
0,250
0,249
0,248
0,247
0,246
0,245
0,244
0,243
0,242
0,241
0,240
0,239
0,238
0,237
0,236
0,235
0,234
0,233
0,232
0,231
0,230
0,229
0,228
0,227
0,226
0,225
0,224
0,223
0,222
0,221
0,220
0,219
0,218
0,217
0,216
0,215
0,214
0,213
0,212
0,211
0,210
0,209
0,208
0,207
0,206
0,205
0,204
0,203
0,202
0,201
0,200
0,199
0,198
0,197
0,196
0,195
0,194
0,193
0,192
0,63
0,62
0,61
0,60
0,59
0,58
0,57
0,56
0,55
0,54
0,53
0,52
0,51
0,50
0,49
0,48
0,47
0,9
0,2
0,1
0,0
2,82
2,83
2,85
2,86
2,88
2,89
6,3
6,6
7,3
8,3
9,3
10,4
11,4
12,0
12,3
12,4
12,6
12,7
12,9
12,11
12,12
12,14
12,15
12,17
12,19
12,20
12,22
12,23
12,25
12,26
13,4
14,5
15,0
15,3
15,4
15,6
15,8
17,3
18,3
18,4
19,4
20,3
21,3
21,5
21,6
21,8
23,3
24,3
26,4
27,2
27,4
27,5
28,6
29,4
31,3
33,3
34,3
35,3
35,4
37,3
38,3
40,3
41,3
41,4
41,6
42,3
42,4
43,4
44,3
45,3
46,3
47,3
48,3
48,4
50,4
51,3
52,2
52,4
53,2
53,4
53,5
55,3
56,3
58,3
58,5
58,6
59,4
60,3
62,3
62,5
63,3
64,3
64,4
65,4
67,4
68,3
69,3
70,3
71,3
72,3
74,3
75,3
75,4
76,4
77,3
79,3
82,3
82,4
84,3
84,4
85,4
86,3
87,3
88,3
88,4
89,4
90,3
91,3
92,0
92,2
92,4
92,5
92,7
93,2
93,4
94,4
95,3
96,3
96,4
97,4
98,4
100,3
112,4
113,3
115,4
118,3
119,3
120,3
122,3
124,3
124,4
126,0
126,3
126,4
126,6
126,7
126,9
126,13
126,14
128,3
128,4
130,4
132,3
132,5
132,7
132,8
133,3
133,4
135,4
137,4
138,2
138,4
140,3
141,2
141,3
141,5
142,4
145,2
145,4
145,5
146,5
147,4
148,2
148,4
148,5
151,3
151,4
152,4
154,3
155,3
155,10
156,3
157,3
159,3
159,4
163,3
163,4
164,4
164,7
164,8
166,3
166,4
168,3
169,3
170,4
171,4
173,3
176,3
176,4
178,4
179,4
181,3
183,3
183,4
185,4
187,3
189,3
192,3
192,4
194,2
194,3
194,5
194,7
194,8
194,10
195,3
196,3
196,4
199,3
200,0
200,2
200,4
201,3
202,4
203,2
203,3
203,5
203,7
203,9
203,10
203,12
203,14
203,15
203,17
203,18
203,20
203,22
205,3
207,3
208,3
210,3
212,3
213,3
214,4
215,3
216,4
217,2
219,3
220,3
221,2
221,4
221,5
222,3
224,3
226,2
227,3
228,3
230,4
231,3
231,5
233,3
234,3
236,4
236,5
237,4
238,4
239,3
240,4
241,3
244,3
245,3
247,3
248,2
248,3
248,5
250,3
251,3
254,3
254,4
258,3
258,4
260,4
262,4
263,3
265,4
267,3
269,3
269,4
271,3
272,4
273,3
274,3
274,4
274,6
274,8
274,9
274,11
274,12
274,14
274,15
274,17
277,3
277,4
279,4
280,3
283,3
286,4
287,2
287,4
287,5
288,4
289,3
290,3
291,3
293,3
295,2
295,3
295,5
295,7
295,8
297,3
299,3
301,3
303,3
303,4
309,3
309,4
309,7
310,3
310,5
311,3
312,3
313,3
313,4
314,3
314,5
314,6
315,4
316,3
316,5
316,6
316,8
316,12
316,13
316,15
316,16
317,3
317,5
317,6
319,3
319,5
322,4
322,5
325,4
328,3
328,4
331,4
331,5
332,4
335,4
338,3
341,3
341,4
344,4
344,5
347,4
350,3
350,4
355,2
355,3
355,5
355,7
355,8
355,10
355,11
356,3
356,5
356,6
357,4
357,6
358,3
358,4
358,6
361,2
361,3
361,5
361,6
361,8
363,3
363,5
366,5
366,9
367,4
370,3
371,3
373,3
373,4
374,3
374,5
375,3
375,5
375,6
376,4
376,5
377,3
377,4
381,3
382,3
382,4
383,3
383,4
388,3
388,5
388,6
388,8
388,9
388,11
388,13
392,2
392,4
392,5
392,7
392,8
392,10
394,3
394,4
394,6
394,7
395,3
398,3
398,5
401,3
401,5
403,0
403,2
403,4
403,6
403,7
403,9
403,10
404,4
405,5
407,3
408,3
408,4
410,3
410,5
410,8
413,5
415,2
415,4
415,5
416,2
416,4
416,5
416,7
416,8
417,4
418,3
423,2
423,4
423,5
423,7
423,8
423,10
423,12
423,13
423,15
423,16
424,4
427,6
430,2
430,4
430,5
430,7
430,8
430,10
431,4
432,3
433,3
433,5
435,3
435,5
435,6
436,4
436,5
436,8
439,3
445,3
447,3
447,4
451,3
451,5
452,4
452,9
453,0
453,3
453,4
457,3
457,5
465,3
465,5
465,6
465,8
465,9
465,11
466,5
466,6
468,4
470,3
471,3
472,3
473,0
473,3
473,4
473,6
473,7
473,9
473,13
473,14
473,18
473,27
474,4
476,4
476,5
478,4
480,3
481,3
481,4
482,4
483,4
485,3
488,3
488,7
490,4
491,4
493,3
495,3
495,4
496,4
497,3
498,4
500,3
500,4
502,4
503,3
507,3
508,3
508,4
509,3
509,4
510,4
511,3
511,5
513,2
513,3
513,5
513,6
513,8
513,10
513,11
517,3
517,4
518,3
519,4
521,3
523,3
523,4
524,7
528,3
529,0
529,2
530,0
530,2
531,0
531,2
533,5
534,3
535,3
535,4
536,4
536,5
536,8
537,3
537,5
538,0
538,2
538,5
539,4
616,0
616,2
616,3
616,5
616,6
616,8
616,10
616,11
623,1
623,2
623,4
624,1
624,2
624,4
624,5
624,7
625,1
625,2
625,4
627,0
627,2
627,3
628,1
628,3
629,0
629,2
629,3
629,5
629,7
629,6
629,4
629,1
628,2
628,0
627,1
625,3
625,0
624,6
624,3
624,0
623,3
623,0
616,9
616,7
616,4
616,1
539,3
538,3
537,6
536,10
536,6
536,3
534,4
533,3
531,1
530,1
529,1
528,12
524,3
521,4
519,3
517,5
514,3
513,9
513,7
513,4
511,6
511,4
510,3
509,2
507,4
503,4
502,3
499,3
498,3
496,3
493,4
491,3
490,3
485,4
483,3
482,3
480,4
478,3
476,3
474,3
473,15
473,10
473,8
473,5
473,2
472,2
470,5
468,3
466,3
465,10
465,7
465,4
457,6
453,5
453,2
452,6
452,3
447,5
445,5
439,5
436,7
436,3
435,4
435,2
432,5
431,3
430,9
430,6
430,3
427,3
424,3
423,14
423,11
423,9
423,6
423,3
418,4
417,3
416,6
416,3
415,6
415,3
413,3
410,6
409,3
407,5
405,3
404,3
403,8
403,5
403,3
401,9
398,8
395,4
394,8
394,5
394,2
392,9
392,6
392,3
388,12
388,10
388,7
388,4
388,2
382,5
381,5
377,5
377,2
376,3
375,4
375,2
373,5
371,4
370,5
367,3
366,3
361,9
361,7
361,4
361,0
358,5
358,2
357,3
356,4
356,2
355,9
355,6
355,4
350,5
347,5
347,3
344,3
338,4
335,3
332,3
331,3
325,5
325,3
322,3
317,7
317,4
316,17
316,14
316,9
316,7
316,4
315,3
314,4
314,2
312,4
310,6
310,4
309,6
304,3
301,4
299,4
296,3
295,6
295,4
294,3
290,5
289,4
288,3
287,3
286,3
281,3
279,3
276,3
274,16
274,13
274,10
274,7
274,5
274,2
272,3
271,2
267,4
265,3
262,3
260,3
256,3
251,4
250,4
248,4
247,4
245,4
241,4
240,3
238,3
237,3
236,3
231,6
231,4
230,3
226,3
223,3
221,6
221,3
220,2
217,3
216,3
214,3
211,3
209,3
205,4
203,21
203,19
203,16
203,13
203,11
203,8
203,4
203,0
202,3
200,3
199,4
197,3
195,4
194,9
194,6
194,4
193,3
189,4
187,4
185,3
181,4
179,3
178,3
173,4
171,3
170,3
167,3
165,3
164,5
164,3
160,3
157,4
156,4
155,9
153,3
152,3
148,6
148,3
147,3
146,3
145,3
142,3
141,4
140,4
138,3
137,3
135,3
132,9
132,6
132,4
130,3
126,15
126,10
126,8
126,5
126,2
125,3
122,4
119,4
118,4
115,3
112,3
98,3
97,3
95,4
94,3
93,3
92,6
92,3
91,4
90,4
89,3
87,4
86,4
85,3
83,3
81,3
78,3
76,3
74,4
73,3
70,4
68,4
67,3
65,3
63,4
62,4
61,3
59,3
58,4
57,3
54,3
53,3
52,3
51,4
50,3
47,4
46,4
44,4
43,3
41,7
41,5
40,4
37,4
37,2
34,4
31,4
29,3
28,3
27,3
26,3
23,4
21,7
21,4
21,2
19,3
17,4
15,7
15,5
15,2
14,3
13,3
12,24
12,21
12,18
12,16
12,13
12,10
12,8
12,5
12,2
11,3
10,3
7,4
6,4
4,3
2,87
2,84
0,331
0,330
0,310
0,316
0,315
0,308
0,383
0,357
0,329
0,382
529,45
531,44
530,44
529,44
531,43
530,43
529,43
531,42
530,42
529,42
531,41
530,41
529,41
531,40
530,40
529,40
531,39
530,39
529,39
531,38
530,38
529,38
531,37
530,37
529,37
531,36
530,36
529,36
531,35
530,35
529,35
531,34
530,34
529,34
531,33
530,33
529,33
531,32
530,32
529,32
531,31
530,31
529,31
531,30
530,30
529,30
531,29
530,29
529,29
531,28
530,28
529,28
531,27
530,27
529,27
531,26
530,26
529,26
531,25
530,25
529,25
531,24
530,24
529,24
531,23
530,23
529,23
531,22
530,22
529,22
531,21
530,21
529,21
531,20
530,20
529,20
531,19
530,19
529,19
531,18
530,18
529,18
531,17
530,17
529,17
531,16
530,16
529,16
531,15
530,15
529,15
531,14
530,14
529,14
531,13
530,13
529,13
531,12
530,12
529,12
531,11
530,11
529,11
531,10
530,10
529,10
531,9
530,9
529,9
531,8
530,8
529,8
531,7
530,7
529,7
531,6
530,6
529,6
531,5
530,5
529,5
531,4
530,4
529,4
531,3
530,3
529,3
0,6
0,304
0,303
0,306
0,305
0,302
0,325
0,12
0,317
0,10
0,381
0,8
0,307
0,11
0,5
0,7
0,4
0,3
